B_const = .121108286994E-02
B_Len = -.142596799008
W_const = 2.09988637168
W_Len = -.596365013023
C_wpark = -.312070451210
C_time = -.279639516700E-01
T_const = 1.16523699266
T_time = -.180199629315E-01
CT_cost = -.869318767373E-01
L_S_M = 1.00000000000
S_area = exp(4.60630652503)
