C_wpark = -.296000708204E-04
C_time = -.454812336353E-01
T_const = -1.64919417664
T_time = -.873582169961E-02
CT_cost_p = -.726411996024E-01
L_S_M = 1.00000000000
